export const data2 = [[0.755, 0.245], [0.463, 0.537], [0.274, 0.726], [0.544, 0.456], [0.626, 0.374], [0.41, 0.59], [0.342, 0.658], [0.418, 0.582], [0.166, 0.834], [0.415, 0.585], [0.269, 0.731], [0.35, 0.65], [0.421, 0.579], [0.57, 0.43], [0.433, 0.567], [0.616, 0.384], [0.817, 0.183], [0.414, 0.586], [0.43, 0.57], [0.399, 0.601], [0.294, 0.706], [0.623, 0.377], [0.468, 0.532], [0.353, 0.647], [0.306, 0.694], [0.527, 0.473], [0.303, 0.697], [0.397, 0.603], [0.301, 0.699], [0.733, 0.267], [0.435, 0.565], [0.611, 0.389], [0.379, 0.621], [0.458, 0.542], [0.528, 0.472], [0.441, 0.559], [0.247, 0.753], [0.473, 0.527], [0.521, 0.479], [0.098, 0.902], [0.596, 0.404], [0.548, 0.452], [0.275, 0.725], [0.581, 0.419], [0.635, 0.365], [0.629, 0.371], [0.703, 0.297], [0.586, 0.414], [0.602, 0.398], [0.525, 0.475], [0.767, 0.233], [0.353, 0.647], [0.181, 0.819], [0.775, 0.225], [0.743, 0.257], [0.597, 0.403], [0.693, 0.307], [0.294, 0.706], [0.385, 0.615], [0.55, 0.45], [0.416, 0.584], [0.526, 0.474], [0.252, 0.748], [0.382, 0.618], [0.113, 0.887], [0.229, 0.771], [0.294, 0.706], [0.565, 0.435], [0.378, 0.622], [0.584, 0.416], [0.45, 0.55], [0.605, 0.395], [0.381, 0.619], [0.37, 0.63], [0.611, 0.389], [0.443, 0.557], [0.439, 0.561], [0.323, 0.677], [0.326, 0.674], [0.646, 0.354], [0.651, 0.349], [0.723, 0.277], [0.491, 0.509], [0.481, 0.519], [0.416, 0.584], [0.669, 0.331], [0.53, 0.47], [0.391, 0.609], [0.294, 0.706], [0.535, 0.465], [0.385, 0.615], [0.43, 0.57], [0.229, 0.771], [0.729, 0.271], [0.3, 0.7], [0.413, 0.587], [0.52, 0.48], [0.417, 0.583], [0.621, 0.379], [0.178, 0.822]]
export const data3 = [[0.246, 0.251, 0.502], [0.291, 0.334, 0.375], [0.271, 0.363, 0.366], [0.103, 0.3, 0.598], [0.457, 0.209, 0.334], [0.31, 0.338, 0.352], [0.235, 0.573, 0.192], [0.359, 0.293, 0.348], [0.31, 0.331, 0.358], [0.249, 0.372, 0.379], [0.453, 0.089, 0.458], [0.15, 0.449, 0.401], [0.31, 0.374, 0.316], [0.103, 0.275, 0.622], [0.276, 0.361, 0.363], [0.291, 0.446, 0.263], [0.271, 0.165, 0.564], [0.224, 0.513, 0.263], [0.349, 0.315, 0.335], [0.035, 0.7, 0.266], [0.23, 0.447, 0.323], [0.203, 0.457, 0.339], [0.148, 0.416, 0.436], [0.344, 0.435, 0.221], [0.21, 0.342, 0.447], [0.102, 0.331, 0.567], [0.326, 0.44, 0.234], [0.137, 0.434, 0.429], [0.059, 0.355, 0.586], [0.212, 0.428, 0.36], [0.253, 0.282, 0.465], [0.215, 0.565, 0.22], [0.314, 0.444, 0.241], [0.319, 0.306, 0.375], [0.269, 0.443, 0.287], [0.1, 0.355, 0.545], [0.163, 0.411, 0.427], [0.386, 0.323, 0.291], [0.316, 0.342, 0.342], [0.077, 0.211, 0.713], [0.161, 0.309, 0.53], [0.289, 0.459, 0.252], [0.194, 0.422, 0.384], [0.117, 0.157, 0.726], [0.063, 0.277, 0.661], [0.277, 0.26, 0.463], [0.137, 0.52, 0.343], [0.23, 0.364, 0.406], [0.115, 0.336, 0.548], [0.3, 0.406, 0.294], [0.351, 0.184, 0.465], [0.387, 0.348, 0.264], [0.227, 0.286, 0.488], [0.248, 0.122, 0.629], [0.513, 0.274, 0.213], [0.187, 0.25, 0.563], [0.213, 0.303, 0.484], [0.119, 0.366, 0.515], [0.214, 0.514, 0.272], [0.449, 0.325, 0.226], [0.43, 0.368, 0.202], [0.433, 0.248, 0.318], [0.64, 0.238, 0.122], [0.324, 0.455, 0.221], [0.228, 0.313, 0.459], [0.083, 0.438, 0.48], [0.253, 0.373, 0.374], [0.225, 0.457, 0.318], [0.412, 0.171, 0.417], [0.234, 0.18, 0.586], [0.319, 0.298, 0.382], [0.327, 0.256, 0.417], [0.126, 0.378, 0.496], [0.207, 0.34, 0.453], [0.231, 0.489, 0.279], [0.284, 0.302, 0.415], [0.302, 0.269, 0.429], [0.082, 0.536, 0.382], [0.295, 0.274, 0.431], [0.168, 0.239, 0.594], [0.222, 0.161, 0.616], [0.273, 0.216, 0.511], [0.276, 0.419, 0.305], [0.384, 0.192, 0.424], [0.128, 0.468, 0.403], [0.22, 0.278, 0.502], [0.308, 0.373, 0.319], [0.356, 0.203, 0.441], [0.476, 0.24, 0.284], [0.342, 0.222, 0.435], [0.206, 0.353, 0.441], [0.279, 0.221, 0.501], [0.24, 0.202, 0.558], [0.552, 0.167, 0.281], [0.306, 0.404, 0.29], [0.207, 0.462, 0.331], [0.282, 0.185, 0.533], [0.153, 0.425, 0.422], [0.046, 0.57, 0.384], [0.217, 0.334, 0.449]]